254704726287
254712282984
254720555635
254799721460
254105162513
254753717154
254794156464
254712836099
254110891955
254707526649
254721616320
254728492729
254707148096
254117327243
254769892450
254712511077
254748621563
254746252088
254721485066
254705169347
254703432348
254703932393
254718766443
254700516208
254714065403
254707801456
254741657448
254748278975
254113667219
254716944447
254759811787
254725175407
254103119031
254727361875
254701137996
254725746058
254769039546
254727752402
254743632395
254724179358
254712462662
254727812536
254706637219
254702244869
254721444232
254700916071
254702139221
254734774605
254721576723
254725907570
254722987704
254706131650
254743230362
254741866137
254762279184
254799040038
254705005555
254797997676
254723236276
254788594040
10000000001
